1 25 89
2 27 89
2 28 90
3 29 90
3 30 90
4 31 90
4 32 90
5 33 91
5 34 91
6 35 91
6 36 91
7 37 91
7 38 91
8 39 92
8 40 92
9 41 92
9 42 92
10 43 92
10 44 92
11 45 93
11 46 93
11 47 93
12 48 93
12 49 93
13 50 94
13 51 94
13 52 94
14 53 94
14 54 94
14 55 94
15 56 95
15 58 95
15 59 95
16 60 95
16 61 95
17 62 95
17 63 96
17 64 96
18 65 96
18 66 96
19 67 96
19 68 96
19 69 96
20 70 96
20 71 97
21 72 97
21 74 97
22 75 97
22 76 97
23 77 97
24 78 97
24 79 97
25 80 97
26 81 97
26 82 97
27 83 97
28 84 97
29 85 97
29 86 97
30 87 97
31 88 97
32 89 96
33 90 96
34 91 96
35 92 96
36 93 95
37 94 95
38 95 95
40 96 95
41 97 94
42 97 94
43 98 93
44 99 93
46 100 92
47 101 92
48 102 91
50 102 91
51 103 90
52 104 90
54 105 89
55 105 88
56 106 88
58 107 87
59 107 86
61 108 86
62 108 85
64 109 84
65 110 83
66 110 83
68 111 82
69 111 81
71 112 80
72 113 80
74 113 79
75 114 78
77 114 77
78 115 76
80 115 75
81 116 75
83 116 74
84 117 73
86 117 72
87 118 71
89 118 70
90 119 70
92 119 69
93 120 68
95 120 67
96 120 66
98 121 65
99 121 65
101 122 64
102 122 63
104 123 62
106 123 61
107 124 60
109 124 60
110 125 59
112 125 58
113 126 57
115 126 56
117 126 56
118 127 55
120 127 54
122 128 53
123 128 53
125 129 52
127 129 51
129 130 51
130 130 50
132 131 50
134 131 49
136 132 48
137 132 48
139 133 47
141 133 47
143 134 47
145 134 46
147 134 46
149 135 46
151 135 46
153 136 46
155 136 46
157 137 46
159 137 46
161 138 46
163 138 46
165 139 46
168 139 47
170 140 47
172 140 48
174 141 49
176 141 49
178 141 50
180 142 51
183 142 52
185 143 53
187 143 54
189 144 55
191 144 56
193 144 57
195 145 59
197 145 60
199 145 61
201 146 63
203 146 64
205 147 66
207 147 67
209 147 69
211 148 70
213 148 72
215 149 74
217 149 75
218 149 77
220 150 79
222 150 81
224 151 83
225 151 85
227 152 86
228 152 88
230 152 90
232 153 92
233 153 94
234 154 96
236 154 99
237 155 101
238 156 103
239 156 105
241 157 107
242 157 109
243 158 111
244 158 113
245 159 116
245 160 118
246 160 120
247 161 122
248 162 124
248 162 126
249 163 128
249 164 131
250 164 133
250 165 135
251 166 137
251 166 139
252 167 141
252 168 143
252 168 146
252 169 148
253 170 150
253 170 152
253 171 154
253 172 156
253 172 158
253 173 160
253 174 162
253 175 164
253 175 166
253 176 168
253 177 171
253 177 173
253 178 175
253 179 177
253 180 179
253 180 181
253 181 183
253 182 185
253 182 187
253 183 189
253 184 191
253 185 194
253 185 196
253 186 198
253 187 200
253 187 202
253 188 204
253 189 206
253 190 208
253 190 211
252 191 213
252 192 215
252 193 217
252 193 219
252 194 221
252 195 224
252 196 226
252 196 228
252 197 230
251 198 232
251 199 235
251 199 237
251 200 239
251 201 241
251 202 243
251 203 246
250 203 248
250 204 250
