17 17 17
21 17 17
24 17 16
27 17 16
29 17 15
32 18 15
34 18 15
36 18 14
39 18 14
41 17 14
43 17 13
46 17 13
48 17 13
50 16 12
52 16 12
55 16 12
57 15 11
59 15 11
61 14 11
63 14 10
65 13 10
68 12 10
70 12 9
72 11 9
74 10 9
76 9 8
78 8 8
80 7 8
82 6 7
84 5 7
86 4 7
88 3 6
90 2 6
92 1 6
94 1 6
96 0 5
97 0 5
99 0 5
101 0 5
103 0 5
104 0 4
106 0 4
107 0 4
109 0 4
110 0 4
112 0 4
113 0 3
115 0 3
117 0 3
118 0 3
120 0 3
121 0 3
123 0 2
124 0 2
126 0 2
127 0 2
129 0 2
131 0 2
132 0 2
134 0 2
135 0 1
137 0 1
138 0 1
140 0 1
142 0 1
143 0 1
145 0 1
146 0 1
148 0 1
149 0 1
151 0 1
153 0 0
154 0 0
156 0 0
157 0 0
159 0 0
161 0 0
162 0 0
164 0 0
165 0 0
167 0 0
169 0 0
170 0 0
172 0 0
174 0 0
175 0 0
177 0 0
179 0 0
180 0 0
182 0 0
184 0 0
185 0 0
187 0 0
189 0 0
190 0 0
192 0 0
194 0 0
195 0 0
197 0 0
199 0 0
201 0 0
202 0 0
204 0 0
206 0 0
207 0 0
209 0 0
211 0 0
212 0 0
214 0 0
216 0 0
217 0 0
219 0 0
221 0 0
222 0 0
224 0 0
225 0 0
227 0 0
229 0 0
230 0 0
232 0 0
234 0 0
235 0 0
237 2 0
238 3 0
240 4 0
242 6 0
243 8 0
244 11 0
246 14 0
247 16 0
248 19 0
250 22 0
251 25 0
252 28 0
253 30 0
254 33 0
255 36 0
255 39 0
255 41 0
255 44 0
255 47 0
255 50 0
255 52 0
255 55 0
255 58 0
255 60 0
255 63 0
255 66 0
255 69 0
255 71 0
255 74 0
255 77 0
255 79 0
255 82 0
255 84 0
255 87 0
255 89 0
255 92 0
255 94 0
255 96 0
255 99 1
255 101 1
255 103 2
255 105 2
255 107 2
255 109 3
255 111 3
255 113 4
255 115 4
255 117 4
255 119 5
255 121 5
255 123 6
255 125 6
255 127 6
255 129 7
255 131 7
255 133 7
255 135 8
255 137 8
255 138 9
255 140 9
255 142 9
255 144 10
255 146 10
255 147 10
255 149 11
255 151 11
255 153 12
255 154 12
255 156 12
255 158 13
255 159 13
255 161 13
255 163 14
255 164 14
255 166 14
255 168 15
255 169 15
255 171 15
255 173 16
255 174 16
255 176 16
255 177 17
255 179 17
255 181 17
255 182 18
255 184 18
255 185 18
255 187 18
255 188 19
255 190 19
255 191 19
255 193 19
255 194 20
255 196 20
255 197 20
255 199 20
255 200 20
255 202 21
255 203 21
255 205 21
255 206 21
255 208 22
255 209 22
255 211 22
255 212 22
255 214 22
255 215 23
255 217 23
255 218 23
255 220 23
255 221 23
255 223 24
255 224 24
255 226 24
255 227 24
255 228 24
255 230 25
255 231 25
255 233 25
255 234 25
255 236 25
255 237 26
255 239 26
255 240 26
255 241 26
255 243 26
255 244 27
255 246 27
255 247 27
255 249 27
255 250 27
255 252 28
255 253 28
255 254 28