70 0 115
70 0 115
70 0 116
70 0 118
70 0 120
70 0 122
70 0 124
70 0 126
70 0 128
70 0 131
70 0 133
70 0 136
70 0 139
70 0 141
70 0 144
70 0 147
70 0 151
70 0 154
70 0 157
70 0 160
70 0 164
70 0 167
70 0 170
70 0 174
70 0 177
70 0 181
70 0 184
70 0 188
70 0 194
70 0 200
70 0 206
70 0 211
70 0 217
70 0 222
70 0 227
70 0 232
70 0 236
70 0 240
70 0 244
69 0 248
69 0 251
68 0 253
67 2 255
66 5 255
64 9 255
63 13 255
61 17 255
59 22 255
57 27 255
55 32 255
53 38 255
51 44 255
48 50 255
45 57 255
43 63 255
40 70 255
37 77 255
34 84 255
31 91 255
28 98 255
26 106 255
23 113 254
20 121 253
17 128 252
14 136 251
12 144 250
9 152 248
6 160 247
4 168 246
2 176 245
0 183 243
0 191 242
0 198 241
0 205 240
0 212 239
0 218 238
0 224 237
0 230 236
0 235 235
0 240 235
0 245 235
0 249 234
0 253 234
1 255 234
4 255 234
7 255 234
11 255 235
16 255 236
21 255 237
27 255 238
32 255 239
39 255 240
45 255 241
52 255 243
60 255 244
68 255 246
76 255 247
84 255 249
92 255 250
101 255 252
109 255 253
117 255 254
126 255 254
134 255 254
143 255 254
152 255 254
160 255 254
168 255 254
176 255 254
184 255 254
192 255 254
199 255 254
206 255 254
213 255 254
219 255 254
225 255 254
231 255 254
236 255 254
240 255 254
244 255 254
247 255 254
250 255 254
252 254 254
253 254 254
254 254 254
254 254 252
253 254 249
252 254 246
251 254 243
249 254 239
246 254 236
243 254 231
240 254 227
237 254 223
233 254 218
228 254 213
223 255 208
219 255 203
214 255 198
208 255 192
203 255 187
196 255 181
190 255 175
184 255 169
178 255 163
171 255 157
165 255 151
158 255 145
151 255 138
144 255 132
138 255 126
129 255 118
120 255 110
112 255 102
103 255 94
95 255 87
87 255 79
79 255 72
71 255 65
64 255 58
57 255 51
51 255 45
45 255 38
39 255 32
35 255 27
30 255 22
27 255 17
24 255 13
21 255 8
20 255 5
19 255 2
19 255 1
21 255 1
23 255 1
27 255 1
32 255 1
37 255 1
44 255 1
51 255 1
59 255 1
68 255 1
77 255 1
86 255 1
97 255 3
107 255 5
118 255 8
125 255 10
131 255 12
137 255 14
144 255 16
150 255 17
156 255 19
162 255 21
168 255 23
174 255 25
180 255 26
185 255 28
191 255 30
197 254 31
202 254 33
207 252 34
212 252 36
217 250 37
222 249 38
227 248 39
231 246 40
235 245 41
238 243 42
242 241 43
245 239 43
248 237 43
251 235 44
253 233 44
255 229 44
255 226 44
255 222 43
255 218 43
255 213 42
255 208 42
255 203 41
255 198 40
255 192 40
255 187 39
255 181 38
255 175 37
255 169 36
255 162 34
255 156 33
255 149 32
255 143 31
255 136 30
255 129 28
255 122 27
255 116 25
255 109 24
255 102 23
255 95 21
255 89 20
255 82 19
255 76 17
255 70 16
255 63 15
255 57 13
255 51 12
255 45 11
255 40 10
255 35 9
255 29 7
255 25 6
255 20 6
255 16 5
255 12 4
255 8 3
255 5 3
255 2 2
255 2 2
